(3-Cyano)Methylenecyclopropane                          Wed Jun 14 10:24:35 2023
  25 8573   10    0    0.0000E+000    1.0000E+006    1.0000E+000 1.0000000000
s   1   18  ,    ,  , ,    ,     ,     ,     ,    ,,,,
        1000000  7.780577482647549E+003 1.00000000E+003 /A_gs
        2000000  2.566801945249730E+003 1.00000000E+003 /B_gs
        3000000  2.132059989492635E+003 1.00000000E+003 /C_gs
          20000 -1.181991290127030E-003 1.00000000E+000 /-DJ_gs
         110000  7.263350336364867E-003 1.00000000E+000 /-DJK_gs
         200000 -3.700262106708847E-002 1.00000000E+000 /-DK_gs
        4010000 -3.315901238639773E-004 1.00000000E+000 /d1_gs
        5000000 -2.776505791958288E-005 1.00000000E+000 /d2_gs
          30000  3.082570691000964E-009 1.00000000E+000 /HJ_gs
         120000 -1.399120561557127E-009 1.00000000E+000 /HJK_gs
         210000 -1.643524843245849E-007 1.00000000E+000 /HKJ_gs
         300000  7.088571160469414E-007 1.00000000E+000 /HK_gs
        4020000  1.386091723001086E-009 1.00000000E+000 /h1_gs
        5010000  3.080433029553705E-010 1.00000000E+000 /h2_gs
        6000000  3.996025871654526E-011 1.00000000E+000 /h3_gs
          40000 -3.994057754366974E-015 1.00000000E+000 /LJ_gs
         130000 -1.776876350890170E-013 1.00000000E+000 /LJJK_gs
         220000  1.217662153712623E-012 1.00000000E+000 /LJK_gs
         310000  1.053439843616461E-013 1.00000000E+000 /LKKJ_gs
         400000 -3.454123578064954E-012 1.00000000E+000 /LK_gs
        4030000  0.000000000000000E+000 1.00000000E-037 /l1_gs
        5020000  0.000000000000000E+000 1.00000000E-037 /l2_gs
        6010000  0.000000000000000E+000 1.00000000E-037 /l3_gs
        7000000  0.000000000000000E+000 1.00000000E-037 /l4_gs
              0  0.000000000000000E+000 1.00000000E-037 /E_gs
!   A-reduction backup
!
(3-Cyano)Methylenecyclopropane                          Thu Feb 09 20:18:42 2023
  25 8579   10    0    0.0000E+000    1.0000E+006    1.0000E+000 1.0000000000
a   1   18  ,    ,  , ,    ,     ,     ,     ,    ,,,,
        1000000  7.780579012331302E+003 1.00000000E+003 /A_gs
        2000000  2.566813600665582E+003 1.00000000E+003 /B_gs
        3000000  2.132052157703284E+003 1.00000000E+003 /C_gs
          20000 -1.238498160536499E-003 1.00000000E+000 /-DJ_gs
         110000  7.600862350824052E-003 1.00000000E+000 /-DJK_gs
         200000 -3.729127185038034E-002 1.00000000E+000 /-DK_gs
        4010000 -3.324688250518447E-004 1.00000000E+000 /-dJ_gs
        4100000 -2.793796369836708E-003 1.00000000E+000 /-dK_gs
          30000  3.865917964340640E-009 1.00000000E+000 /HJ_gs
         120000  1.073277395593329E-008 1.00000000E+000 /HJK_gs
         210000 -2.172260201716214E-007 1.00000000E+000 /HKJ_gs
         300000  7.588563027532728E-007 1.00000000E+000 /HK_gs
        4020000  1.544783700492936E-009 1.00000000E+000 /hJ_gs
        4110000  2.200295754445488E-008 1.00000000E+000 /hJK_gs
        4200000  2.825993045595596E-007 1.00000000E+000 /hK_gs
          40000 -1.256463649048344E-014 1.00000000E+000 /LJ_gs
         130000 -1.629441962016940E-013 1.00000000E+000 /LJJK_gs
         220000  1.245677401284737E-012 1.00000000E+000 /LJK_gs
         310000  4.335584530905643E-013 1.00000000E+000 /LKKJ_gs
         400000 -7.696563608091773E-012 1.00000000E+000 /LK_gs
        4030000 -5.352668836106043E-015 1.00000000E+000 /lJ_gs
        4120000 -8.181665833738712E-014 1.00000000E+000 /lJK_gs
        4210000  8.559673096734340E-013 1.00000000E+000 /lKJ_gs
        4300000  0.000000000000000E+000 1.00000000E-037 /lK_gs
              0  0.000000000000000E+000 1.00000000E-037 /E_gs
!
!   S-reduction backup
!
(3-Cyano)Methylenecyclopropane                          Thu Feb 09 20:15:43 2023
  25 8589   10    0    0.0000E+000    1.0000E+006    1.0000E+000 1.0000000000
s   1   18  ,    ,  , ,    ,     ,     ,     ,    ,,,,
        1000000  7.780580270284168E+003 1.00000000E+003 /A_gs
        2000000  2.566807919143427E+003 1.00000000E+003 /B_gs
        3000000  2.132057904923202E+003 1.00000000E+003 /C_gs
          20000 -1.182672355546756E-003 1.00000000E+000 /-DJ_gs
         110000  7.264743364694027E-003 1.00000000E+000 /-DJK_gs
         200000 -3.701227611595062E-002 1.00000000E+000 /-DK_gs
        4010000 -3.324297975626243E-004 1.00000000E+000 /d1_gs
        5000000 -2.792245064175273E-005 1.00000000E+000 /d2_gs
          30000  3.176169958031777E-009 1.00000000E+000 /HJ_gs
         120000 -1.665313189609997E-009 1.00000000E+000 /HJK_gs
         210000 -1.643627472545601E-007 1.00000000E+000 /HKJ_gs
         300000  7.200134106006328E-007 1.00000000E+000 /HK_gs
        4020000  1.500697971866880E-009 1.00000000E+000 /h1_gs
        5010000  3.447805477193531E-010 1.00000000E+000 /h2_gs
        6000000  4.182008977732219E-011 1.00000000E+000 /h3_gs
          40000 -8.281992056470251E-015 1.00000000E+000 /LJ_gs
         130000 -1.634791631370646E-013 1.00000000E+000 /LJJK_gs
         220000  1.227562395490109E-012 1.00000000E+000 /LJK_gs
         310000  1.017483019664613E-013 1.00000000E+000 /LKKJ_gs
         400000 -7.740069353606104E-012 1.00000000E+000 /LK_gs
        4030000 -5.015637558924227E-015 1.00000000E+000 /l1_gs
        5020000 -2.099860307601443E-015 1.00000000E+000 /l2_gs
        6010000 -2.411212073863279E-016 1.00000000E+000 /l3_gs
        7000000  0.000000000000000E+000 1.00000000E-037 /l4_gs
              0  0.000000000000000E+000 1.00000000E-037 /E_gs
